10404
1667
2751
1984
1531
1828
1553
2060
1675
1967
1742
2670
2570
2337
2456
2215
2569
2397
2381
2452
2244
3107
2331
2316
2363
2566
2806
2352
2317
3514
2367
2527
2469
2326
2466
2676
2431
2613
2640
1909
2514
2534
2468
2441
2282
2416
2478
2305
2165
2319
2192
2190
2945
2135
2331
2219
2627
2205
2836
2289
2411
2984
2837
2405
2576
2539
2278
2228
2283
2361
2288
2570
2287
2334
2675
2345
2121
2827
2121
2176
2363
2328
2304
2510
2616
2299
2690
2339
2602
3474
2584
2638
2770
2012
1983
2096
2051
2109
2588
2523
3089
2587
2386
2504
2442
2525
3269
2607
2488
3248
2406
2379
2606
2417
1699
1761
2092
1962
2125
1966
1809
1987
1479
2064
1778
1958
1955
1980
1812
2304
2186
1945
1713
2054
1786
1902
2647
1712
1910
1930
1989
1955
1905
1957
1914
1849
1950
1889
1810
2251
1813
1815
1940
1910
1773
1899
1626
1799
1377
1853
1510
1474
1692
1708
2281
1825
1323
1761
1301
1299
1287
1404
1778
1299
1946
1747
2545
1658
2905
2244
2145
1935
2202
1577
2159
4707
4229
2194
2046
2148
2206
1685
2196
2295
2068
2202
1887
2035
1975
2047
2580
1781
1879
1890
1981
1832
1901
2641
1822
1775
2134
2508
2097
2090
2637
1509
4399
2832
2127
2438
2121
2202
2464
1973
2295
2122
2475
2279
2295
2266
2404
2273
2248
2490
2098
2370
2323
2215
2299
2288
2330
2242
2364
2405
2410
2902
2292
2265
2819
3986
4016
2580
3065
2995
2412
2831
2374
2726
2765
2361
2607
1986
2821
2397
2539
3029
2374
2426
2893
1914
1902
1863
3169
2348
1652
1779
1513
1626
1427
1663
1182
1594
